3.836854981879393112e+00 1.311264893615312417e+02
6.230644987309678307e+00 1.206755153687893340e+02
1.011479358766563585e+01 1.069907047613337170e+02
1.643214351884658697e+01 9.075000390068453271e+01
2.668245127389419125e+01 7.366097679827234401e+01
4.332301924582883146e+01 5.765304878022787705e+01
7.034736101096538619e+01 4.389605083316575929e+01
1.142245179813239702e+02 3.237486004044618682e+01
1.854746592336709625e+02 2.338316496454535454e+01
3.011642954589081000e+02 1.661190074054790244e+01
4.890254356910214710e+02 1.158901335675314392e+01
7.940649902084837777e+02 7.896410357771734390e+00
1.289378064353553555e+03 5.240896518277229355e+00
2.093661282370163008e+03 3.395537812244928233e+00
3.399642276818876780e+03 2.164360456441331682e+00
5.520256549641481797e+03 1.363338424204219912e+00
8.963667070662630067e+03 8.516664782258230870e-01
1.455498529923374736e+04 5.291985072070946039e-01
2.363404789750982673e+04 3.277200645534119605e-01
3.837641686962284439e+04 2.025212652162988736e-01
