3.836854981879393112e+00 1.280116881214813418e+02
6.230644987309678307e+00 1.154539524107661919e+02
1.011479358766563585e+01 1.029165300021284963e+02
1.643214351884658697e+01 9.118028964281865001e+01
2.668245127389419125e+01 7.972943565351927475e+01
4.332301924582883146e+01 6.988162240893964849e+01
7.034736101096538619e+01 6.121901560957702060e+01
1.142245179813239702e+02 5.247880701688567484e+01
1.854746592336709625e+02 4.376957830840466812e+01
3.011642954589081000e+02 3.521885336798118971e+01
4.890254356910214710e+02 2.743795075226750768e+01
7.940649902084837777e+02 2.088920001222658129e+01
1.289378064353553555e+03 1.560942663366019012e+01
2.093661282370163008e+03 1.151326875387845483e+01
3.399642276818876780e+03 8.368082094238813440e+00
5.520256549641481797e+03 5.923757326406300372e+00
8.963667070662630067e+03 4.075704036318074763e+00
1.455498529923374736e+04 2.722080807946173575e+00
2.363404789750982673e+04 1.774252544780098306e+00
3.837641686962284439e+04 1.133986774174456258e+00
