3.836854981879393112e+00 1.273580868731506257e+02
6.230644987309678307e+00 1.185259299848843426e+02
1.011479358766563585e+01 1.094786636329378382e+02
1.643214351884658697e+01 9.900630829656032006e+01
2.668245127389419125e+01 8.766587756638453754e+01
4.332301924582883146e+01 7.611210300370979098e+01
7.034736101096538619e+01 6.523912769448565996e+01
1.142245179813239702e+02 5.482515690459081270e+01
1.854746592336709625e+02 4.446979458883887304e+01
3.011642954589081000e+02 3.453408847058501152e+01
4.890254356910214710e+02 2.561565689205528429e+01
7.940649902084837777e+02 1.817617089742804382e+01
1.289378064353553555e+03 1.242984415131734366e+01
2.093661282370163008e+03 8.222878874909062219e+00
3.399642276818876780e+03 5.309422049594356707e+00
5.520256549641481797e+03 3.371185799144985840e+00
8.963667070662630067e+03 2.116770456260085531e+00
1.455498529923374736e+04 1.319567017354695171e+00
2.363404789750982673e+04 8.188391428358442470e-01
3.837641686962284439e+04 5.066590282100059683e-01
