3.836854981879393112e+00 1.710453389575122003e+02
6.230644987309678307e+00 1.610213333914545615e+02
1.011479358766563585e+01 1.492843326174253207e+02
1.643214351884658697e+01 1.362543328385392272e+02
2.668245127389419125e+01 1.207313709755268150e+02
4.332301924582883146e+01 1.035859904342533326e+02
7.034736101096538619e+01 8.676294406073824916e+01
1.142245179813239702e+02 7.062833679136373632e+01
1.854746592336709625e+02 5.492656639979981748e+01
3.011642954589081000e+02 4.061104716523802693e+01
4.890254356910214710e+02 2.866567380184802261e+01
7.940649902084837777e+02 1.946564055459394993e+01
1.289378064353553555e+03 1.282831666817673089e+01
2.093661282370163008e+03 8.266508686791862459e+00
3.399642276818876780e+03 5.244495056039923497e+00
5.520256549641481797e+03 3.292683481566268444e+00
8.963667070662630067e+03 2.052938438789363662e+00
1.455498529923374736e+04 1.274108926781322149e+00
2.363404789750982673e+04 7.884447007897971149e-01
3.837641686962284439e+04 4.870151449182048564e-01
