3.836854981879393112e+00 1.176963556182669208e+02
6.230644987309678307e+00 1.060173094582170137e+02
1.011479358766563585e+01 9.331980372299386772e+01
1.643214351884658697e+01 8.125319219559567330e+01
2.668245127389419125e+01 7.021099873063690211e+01
4.332301924582883146e+01 5.954468314717499311e+01
7.034736101096538619e+01 4.946451841336081401e+01
1.142245179813239702e+02 3.970321002862603876e+01
1.854746592336709625e+02 3.077207144761278101e+01
3.011642954589081000e+02 2.275765094326475690e+01
4.890254356910214710e+02 1.610467918784189223e+01
7.940649902084837777e+02 1.098061480770918052e+01
1.289378064353553555e+03 7.249962792554008217e+00
2.093661282370163008e+03 4.675541788180289871e+00
3.399642276818876780e+03 2.966366811109658830e+00
5.520256549641481797e+03 1.861651315527813599e+00
8.963667070662630067e+03 1.160164536698729876e+00
1.455498529923374736e+04 7.197833574971216342e-01
2.363404789750982673e+04 4.453140067969456051e-01
3.837641686962284439e+04 2.750247698825547538e-01
