8.468729599068562663e+01 9.900990099009935363e+01
8.762678286681573070e+01 9.840216847740730088e+01
8.574473516394694173e+01 9.743108248794133885e+01
9.316621193041403615e+01 9.589444026055782899e+01
9.119685273617506027e+01 9.349995077765484552e+01
9.672658052295446396e+01 8.985664179253272721e+01
1.017421406383315770e+02 8.450956056112333670e+01
1.107449255262811931e+02 7.706326423877297316e+01
1.271788884575168339e+02 6.741756240467844918e+01
1.525477273389697075e+02 5.602994333232113888e+01
1.947191776707768440e+02 4.397005666842235172e+01
2.623176745449503073e+02 3.258243759598427403e+01
3.747166677688558707e+02 2.293673576174908746e+01
5.521724233403801918e+02 1.549043943927009792e+01
8.436084802572926264e+02 1.014335820773890973e+01
1.315333065576851368e+03 6.500049222529683313e+00
2.083305541115502365e+03 4.105559739559879517e+00
3.329609171487390995e+03 2.568917512134676340e+00
5.345214352322121158e+03 1.597831522640695168e+00
8.637934418705603093e+03 9.900990099303553782e-01
