4.517060006037354469e+02 9.900990099009834466e+01
3.281990454221765390e+02 9.840216847740201445e+01
5.333713488653302193e+02 9.743108248793659243e+01
3.227663304035862097e+02 9.589444026052170500e+01
3.412278601899743080e+02 9.349995077756881301e+01
3.742122013742725244e+02 8.985664179235716631e+01
3.790046321228146553e+02 8.450956056068923772e+01
4.135702814285953650e+02 7.706326423788890168e+01
4.759688939278324256e+02 6.741756240314803961e+01
5.735152323419848699e+02 5.602994333000448535e+01
7.283379090949892998e+02 4.397005666545359048e+01
9.831516460205117482e+02 3.258243759279542928e+01
1.396881998516619205e+03 2.293673575883389404e+01
2.064397752595444672e+03 1.549043943688084646e+01
3.152677284864088051e+03 1.014335820597094795e+01
4.936247326744099155e+03 6.500049221310806757e+00
7.768408977426588535e+03 4.105559738739755993e+00
1.243512087967246771e+04 2.568917511606744419e+00
2.002436182616899532e+04 1.597831522306470964e+00
3.217937288961062950e+04 9.900990097189900085e-01
