4.096800694242119789e+02 9.900990099009901257e+01
2.913050896798570761e+02 9.840216847740657613e+01
3.106300331031282553e+02 9.743108248793903670e+01
3.003757835055391183e+02 9.589444026055427628e+01
2.979892694080869546e+02 9.349995077764263840e+01
3.000847452009717813e+02 8.985664179250792927e+01
3.256573108956217766e+02 8.450956056106439007e+01
3.567596043770511756e+02 7.706326423864845765e+01
4.066629723335306039e+02 6.741756240446601112e+01
4.893081495538353920e+02 5.602994333199217181e+01
6.249902071431279182e+02 4.397005666800834689e+01
8.437928045168519020e+02 3.258243759553442231e+01
1.194814103655517101e+03 2.293673576135192604e+01
1.772816176526248455e+03 1.549043943893588526e+01
2.704885749456783287e+03 1.014335820749226613e+01
4.219546099193394184e+03 6.500049222357484169e+00
6.689636696440477863e+03 4.105559739445800993e+00
1.068301207851618528e+04 2.568917512061022812e+00
1.715122198220342398e+04 1.597831522593458287e+00
2.772981436767925697e+04 9.900990099010014145e-01
