3.812359257911642203e+02 9.900990099009901257e+01
3.846119701241453299e+02 9.840216847740657613e+01
3.885118834053476462e+02 9.743108248793905091e+01
3.946042852476239204e+02 9.589444026055427628e+01
4.044898863260944495e+02 9.349995077764265261e+01
4.209917581950624594e+02 8.985664179250795769e+01
4.475441528484225273e+02 8.450956056106444692e+01
4.906469257548451424e+02 7.706326423864857134e+01
5.609035724774003029e+02 6.741756240446619586e+01
6.749420814837018270e+02 5.602994333199244892e+01
8.599551316971579809e+02 4.397005666800870216e+01
1.160490986270209078e+03 3.258243759553479890e+01
1.648571924306452274e+03 2.293673576135226355e+01
2.441078928920129783e+03 1.549043943893617303e+01
3.727924195118248463e+03 1.014335820749247752e+01
5.817229975946247578e+03 6.500049222357624501e+00
9.209766479519506902e+03 4.105559739445903134e+00
1.471887905305872300e+04 2.568917512061079655e+00
2.366464953714360672e+04 1.597831522593497811e+00
3.819218545686453581e+04 9.900990099010353873e-01
