4.991306923329830170e+00 1.311264893576589259e+02
8.105416782200336456e+00 1.206755153644591587e+02
1.315978200485309024e+01 1.069907047567584470e+02
2.137676347047090530e+01 9.075000389602558926e+01
3.470631781965494156e+01 7.366097679428183653e+01
5.635956767946481705e+01 5.765304877765953506e+01
9.151699487119913101e+01 4.389605083057332990e+01
1.486090089504917557e+02 3.237486003933621248e+01
2.413047089551886017e+02 2.338316496343553297e+01
3.918200188005964151e+02 1.661190074165857666e+01
6.362339869762460012e+02 1.158901335920883291e+01
1.033093819084266897e+03 7.896410360357081437e+00
1.677520534334083322e+03 5.240896521596259738e+00
2.723919654575487129e+03 3.395537815066627996e+00
4.423030380470057025e+03 2.164360460472633640e+00
7.182015300107498661e+03 1.363338428312286466e+00
1.166199702614297530e+04 8.516664799985689260e-01
1.893647034497310597e+04 5.291985111412428333e-01
3.074860918180396038e+04 3.277200687007771340e-01
4.992886776259789622e+04 2.025212686505115101e-01
