4.991306923329830170e+00 1.280116881174126888e+02
8.105416782200336456e+00 1.154539524075242696e+02
1.315978200485309024e+01 1.029165300001720453e+02
2.137676347047090530e+01 9.118028964100811606e+01
3.470631781965494156e+01 7.972943565159300761e+01
5.635956767946481705e+01 6.988162240864872388e+01
9.151699487119913101e+01 6.121901560977468648e+01
1.486090089504917557e+02 5.247880701753869914e+01
2.413047089551886017e+02 4.376957830910566116e+01
3.918200188005964151e+02 3.521885336864545479e+01
6.362339869762460012e+02 2.743795075287433960e+01
1.033093819084266897e+03 2.088920001289800865e+01
1.677520534334083322e+03 1.560942663483571025e+01
2.723919654575487129e+03 1.151326875653733595e+01
4.423030380470057025e+03 8.368082096291480809e+00
7.182015300107498661e+03 5.923757327982103860e+00
1.166199702614297530e+04 4.075704041532121735e+00
1.893647034497310597e+04 2.722080814046876185e+00
3.074860918180396038e+04 1.774252536523953205e+00
4.992886776259789622e+04 1.133986780334069078e+00
