4.991306923329830170e+00 1.273580868706875435e+02
8.105416782200336456e+00 1.185259299831386244e+02
1.315978200485309024e+01 1.094786636310921324e+02
2.137676347047090530e+01 9.900630829435424118e+01
3.470631781965494156e+01 8.766587756459797731e+01
5.635956767946481705e+01 7.611210300189964073e+01
9.151699487119913101e+01 6.523912769417776758e+01
1.486090089504917557e+02 5.482515690459225510e+01
2.413047089551886017e+02 4.446979458911528837e+01
3.918200188005964151e+02 3.453408847126412695e+01
6.362339869762460012e+02 2.561565689288347514e+01
1.033093819084266897e+03 1.817617089908772954e+01
1.677520534334083322e+03 1.242984415257892117e+01
2.723919654575487129e+03 8.222878876569051698e+00
4.423030380470057025e+03 5.309422051235461737e+00
7.182015300107498661e+03 3.371185800785693409e+00
1.166199702614297530e+04 2.116770455697745579e+00
1.893647034497310597e+04 1.319567019050595924e+00
3.074860918180396038e+04 8.188391443669472691e-01
4.992886776259789622e+04 5.066590219890751978e-01
