4.991306923329830170e+00 1.710453389506789108e+02
8.105416782200336456e+00 1.610213333842759198e+02
1.315978200485309024e+01 1.492843326116443166e+02
2.137676347047090530e+01 1.362543328321420688e+02
3.470631781965494156e+01 1.207313709674082531e+02
5.635956767946481705e+01 1.035859904277591994e+02
9.151699487119913101e+01 8.676294405575957569e+01
1.486090089504917557e+02 7.062833678383867664e+01
2.413047089551886017e+02 5.492656639636594207e+01
3.918200188005964151e+02 4.061104716182993002e+01
6.362339869762460012e+02 2.866567379993960429e+01
1.033093819084266897e+03 1.946564056056543635e+01
1.677520534334083322e+03 1.282831666541149929e+01
2.723919654575487129e+03 8.266508685227707431e+00
4.423030380470057025e+03 5.244495124291871591e+00
7.182015300107498661e+03 3.292683480437809340e+00
1.166199702614297530e+04 2.052938439261296821e+00
1.893647034497310597e+04 1.274109212147933379e+00
3.074860918180396038e+04 7.884447055630209311e-01
4.992886776259789622e+04 4.870151507917438449e-01
