4.991306923329830170e+00 1.176963556149882635e+02
8.105416782200336456e+00 1.060173094553362318e+02
1.315978200485309024e+01 9.331980372015237890e+01
2.137676347047090530e+01 8.125319219346413036e+01
3.470631781965494156e+01 7.021099872918907181e+01
5.635956767946481705e+01 5.954468314627966663e+01
9.151699487119913101e+01 4.946451841317938403e+01
1.486090089504917557e+02 3.970321002899377305e+01
2.413047089551886017e+02 3.077207144880379985e+01
3.918200188005964151e+02 2.275765094395466193e+01
6.362339869762460012e+02 1.610467918967323087e+01
1.033093819084266897e+03 1.098061480961625413e+01
1.677520534334083322e+03 7.249962792995878758e+00
2.723919654575487129e+03 4.675541790173159740e+00
4.423030380470057025e+03 2.966366813044717166e+00
7.182015300107498661e+03 1.861651312449972506e+00
1.166199702614297530e+04 1.160164538664573808e+00
1.893647034497310597e+04 7.197833593720112111e-01
3.074860918180396038e+04 4.453139899215595165e-01
4.992886776259789622e+04 2.750247342965695951e-01
