4.991306923329830170e+00 1.311264893576589259e+02
8.107842017368596998e+00 1.206755153644594856e+02
1.316827035835828319e+01 1.069907047567581628e+02
2.137373110534910481e+01 9.075000389602507767e+01
3.471207605418295827e+01 7.366097679428219180e+01
5.636001741579637070e+01 5.765304877765965585e+01
9.151478371151129920e+01 4.389605083057360702e+01
1.486054498150820109e+02 3.237486003933616985e+01
2.413052802541856749e+02 2.338316496343541218e+01
3.918176828300781835e+02 1.661190074166047026e+01
6.362347267271787814e+02 1.158901335920589126e+01
1.033095249595053019e+03 7.896410360358496305e+00
1.677520076712154378e+03 5.240896521601039915e+00
2.723917214507359404e+03 3.395537815059625153e+00
4.423030824420910903e+03 2.164360460479618720e+00
7.182019901380994270e+03 1.363338428303705552e+00
1.166199277218020870e+04 8.516664799415436526e-01
1.893647292999971978e+04 5.291985111789021534e-01
3.074860686380576954e+04 3.277200688325695443e-01
4.992887294030992052e+04 2.025212684373299543e-01
