4.991306923329830170e+00 1.280116881174126888e+02
8.107842017368596998e+00 1.154539524075243833e+02
1.316827035835828319e+01 1.029165300001717753e+02
2.137373110534910481e+01 9.118028964100794553e+01
3.471207605418295827e+01 7.972943565159282286e+01
5.636001741579637070e+01 6.988162240864858177e+01
9.151478371151129920e+01 6.121901560977352119e+01
1.486054498150820109e+02 5.247880701753985022e+01
2.413052802541856749e+02 4.376957830910468772e+01
3.918176828300781835e+02 3.521885336864688298e+01
6.362347267271787814e+02 2.743795075287699348e+01
1.033095249595053019e+03 2.088920001289611150e+01
1.677520076712154378e+03 1.560942663483987047e+01
2.723917214507359404e+03 1.151326875651200332e+01
4.423030824420910903e+03 8.368082096272132731e+00
7.182019901380994270e+03 5.923757327961184593e+00
1.166199277218020870e+04 4.075704041468369176e+00
1.893647292999971978e+04 2.722080813795348497e+00
3.074860686380576954e+04 1.774252536257277191e+00
4.992887294030992052e+04 1.133986779964066383e+00
