4.991306923329830170e+00 1.273580868706875435e+02
8.107842017368596998e+00 1.185259299831387949e+02
1.316827035835828319e+01 1.094786636310923740e+02
2.137373110534910481e+01 9.900630829435445435e+01
3.471207605418295827e+01 8.766587756459711045e+01
5.636001741579637070e+01 7.611210300190023759e+01
9.151478371151129920e+01 6.523912769417901814e+01
1.486054498150820109e+02 5.482515690459454305e+01
2.413052802541856749e+02 4.446979458911467020e+01
3.918176828300781835e+02 3.453408847126726045e+01
6.362347267271787814e+02 2.561565689288672942e+01
1.033095249595053019e+03 1.817617089908614503e+01
1.677520076712154378e+03 1.242984415257136277e+01
2.723917214507359404e+03 8.222878876576698914e+00
4.423030824420910903e+03 5.309422051223336325e+00
7.182019901380994270e+03 3.371185800787415587e+00
1.166199277218020870e+04 2.116770455718171018e+00
1.893647292999971978e+04 1.319567019009467046e+00
3.074860686380576954e+04 8.188391444176132961e-01
4.992887294030992052e+04 5.066590220447034776e-01
