4.991306923329830170e+00 1.710453389506789108e+02
8.107842017368596998e+00 1.610213333842852990e+02
1.316827035835828319e+01 1.492843326116443166e+02
2.137373110534910481e+01 1.362543328321437173e+02
3.471207605418295827e+01 1.207313709674231887e+02
5.636001741579637070e+01 1.035859904277376131e+02
9.151478371151129920e+01 8.676294405572704704e+01
1.486054498150820109e+02 7.062833678378086688e+01
2.413052802541856749e+02 5.492656639632597404e+01
3.918176828300781835e+02 4.061104716189501573e+01
6.362347267271787814e+02 2.866567379980978814e+01
1.033095249595053019e+03 1.946564056034326384e+01
1.677520076712154378e+03 1.282831666548208460e+01
2.723917214507359404e+03 8.266508685252633271e+00
4.423030824420910903e+03 5.244495123805589465e+00
7.182019901380994270e+03 3.292683480001648011e+00
1.166199277218020870e+04 2.052938439049359243e+00
1.893647292999971978e+04 1.274109213001178187e+00
3.074860686380576954e+04 7.884447054693904944e-01
4.992887294030992052e+04 4.870151526967836375e-01
