1.644899991030494277e+02 9.900990099009901257e+01
1.526253375535210068e+02 9.840216847740657613e+01
1.642280646289388244e+02 9.743108248793902249e+01
1.650138680512706344e+02 9.589444026055427628e+01
1.693212349588672225e+02 9.349995077764259577e+01
1.764225695903102462e+02 8.985664179250780137e+01
1.877536609147985871e+02 8.450956056106414849e+01
2.050122323756416733e+02 7.706326423864793185e+01
2.347757496560613220e+02 6.741756240446515847e+01
2.819918639337022910e+02 5.602994333199080756e+01
3.597961040213704109e+02 4.397005666800662738e+01
4.856119630858302116e+02 3.258243759553259622e+01
6.891641533002257347e+02 2.293673576135019943e+01
1.020016497932374477e+03 1.549043943893450859e+01
1.560222396316627737e+03 1.014335820749124828e+01
2.432609714257220276e+03 6.500049222356772738e+00
3.850790866029759400e+03 4.105559739445322265e+00
6.160267124262948528e+03 2.568917512060720831e+00
9.887041718078156919e+03 1.597831522593251119e+00
1.595920669691016337e+04 9.900990099008879497e-01
