4.991306923329830170e+00 1.311264893576589259e+02
8.107842017368596998e+00 1.206755153644594856e+02
1.316827035835828319e+01 1.069907047567581628e+02
2.137373110534910481e+01 9.075000389602507767e+01
3.471207605418295827e+01 7.366097679428219180e+01
5.636001741579637070e+01 5.765304877765967717e+01
9.151478371151129920e+01 4.389605083057360702e+01
1.486054498150820109e+02 3.237486003933616985e+01
2.413052802541856749e+02 2.338316496343542994e+01
3.918176828300781835e+02 1.661190074166053066e+01
6.362347267271787814e+02 1.158901335920583442e+01
1.033095249595053019e+03 7.896410360358439462e+00
1.677520076712154378e+03 5.240896521601152713e+00
2.723917214507359404e+03 3.395537815059095799e+00
4.423030824420910903e+03 2.164360460479426873e+00
7.182019901380994270e+03 1.363338428302113048e+00
1.166199277218020870e+04 8.516664799393065532e-01
1.893647292999971978e+04 5.291985111824409893e-01
3.074860686380576954e+04 3.277200688361673886e-01
4.992887294030992052e+04 2.025212684411359376e-01
