4.991306923329830170e+00 1.176963556149882635e+02
8.107842017368596998e+00 1.060173094553362745e+02
1.316827035835828319e+01 9.331980372015232206e+01
2.137373110534910481e+01 8.125319219346427246e+01
3.471207605418295827e+01 7.021099872919029394e+01
5.636001741579637070e+01 5.954468314628184089e+01
9.151478371151129920e+01 4.946451841317938403e+01
1.486054498150820109e+02 3.970321002899469676e+01
2.413052802541856749e+02 3.077207144880299694e+01
3.918176828300781835e+02 2.275765094395860899e+01
6.362347267271787814e+02 1.610467918967472301e+01
1.033095249595053019e+03 1.098061480960873659e+01
1.677520076712154378e+03 7.249962792986007543e+00
2.723917214507359404e+03 4.675541790185053337e+00
4.423030824420910903e+03 2.966366813057454532e+00
7.182019901380994270e+03 1.861651312541052095e+00
1.166199277218020870e+04 1.160164538712051163e+00
1.893647292999971978e+04 7.197833594587084161e-01
3.074860686380576954e+04 4.453139899155328374e-01
4.992887294030992052e+04 2.750247347826812461e-01
